0.000000 0.000000
-8.273549 2.756477
-9.027510 -0.620952
1.105658 -3.123792
-1.558496 -1.826946
-10.011756 2.817909
2.069331 10.476280
9.781903 7.621729
9.714656 -6.478511
-5.155650 1.714244
-2.757526 -5.718998
-7.835898 -5.352793
11.764813 3.301402
3.382685 -5.913543
-2.080850 -7.829690
-0.113958 11.388663
0.509373 -7.397093
-11.046495 -1.550248
11.429199 -2.681053
7.627653 2.759866
-9.949438 4.936614
-9.149179 9.123863
-2.292261 -12.540741
0.977635 4.638099
0.016878 9.488959
-4.320685 -10.259546
1.027747 -12.219166
4.202117 9.649958
-5.430570 11.096191
6.854607 -10.532614
-7.496204 -10.011304
-0.701140 -10.075809
-7.239534 10.108703
2.431472 3.236247
-3.276415 10.087990
2.640460 -1.255961
-1.620714 8.498047
-0.782429 3.199600
4.721542 -11.140974
1.501014 1.328350
-5.147463 -4.923296
4.660832 -4.818661
2.215973 -9.633185
1.074182 7.683630
-3.709314 0.220991
9.460265 -0.668752
3.844401 5.946179
8.016033 5.403924
-12.116983 2.846879
-5.010427 4.887368
-3.020418 5.301891
5.230133 -0.414462
-5.516773 -8.072088
-6.154671 -0.070976
9.660526 4.947434
2.012326 -4.979402
-1.951789 1.896088
6.428902 4.115784
-6.632109 -6.846040
4.659908 -9.325121
-6.554202 8.378018
3.830966 3.511156
11.969124 1.476675
-1.545187 12.162316
4.172270 11.381644
-7.899103 6.959667
8.802520 1.061421
-8.540783 -2.863100
11.756380 -4.516090
-7.795214 5.206070
-5.087815 -6.138218
1.426377 12.185277
8.471764 -2.602932
5.139153 -6.851162
3.275870 -12.038702
7.497221 7.877407
5.061715 7.434361
-3.788335 7.121774
-4.257632 -1.669624
7.014881 -5.897859
6.286667 -3.363844
-6.003024 -2.061003
-10.798777 -3.658719
-12.278241 1.400413
-4.144292 11.475421
7.943828 9.864405
-3.246086 3.065360
5.049258 1.678811
-1.427441 -4.525684
-9.854680 -5.103007
9.436114 -8.568257
-8.762625 -6.817233
2.639264 -7.019176
-0.179202 7.316134
3.677767 -7.874042
-2.051910 7.334312
-1.496858 -6.576825
-4.830882 8.972225
3.030426 7.909096
-1.260220 5.317119
-6.749381 3.404699
-3.154553 -4.445963
3.265530 -3.286054
7.228435 -8.111833
6.899752 0.852841
12.396090 -1.157956
2.583361 4.813061
-8.500694 1.256500
