3 4 35 37 39 44 56 -1
5 20 69 100 107 -1 -1 -1
17 53 67 81 83 107 -1 -1
0 4 35 55 88 102 -1 -1
0 3 44 78 88 101 -1 -1
1 20 48 83 107 -1 -1 -1
15 24 27 43 64 71 98 -1
12 47 54 75 85 -1 -1 -1
68 72 79 90 103 -1 -1 -1
44 49 53 86 100 107 -1 -1
14 40 70 88 96 101 -1 -1
40 58 67 81 89 91 -1 -1
7 54 62 66 105 -1 -1 -1
41 55 73 92 94 102 -1 -1
10 16 25 31 52 70 96 -1
6 24 34 63 71 -1 -1 -1
14 31 42 55 88 92 96 -1
2 67 82 83 -1 -1 -1 -1
45 68 72 105 -1 -1 -1 -1
47 54 57 66 87 104 -1 -1
1 5 21 48 65 69 -1 -1
20 28 32 48 60 65 -1 -1
25 26 30 31 74 -1 -1 -1
33 37 43 93 99 106 -1 -1
6 15 34 36 43 93 -1 -1
14 22 30 31 52 -1 -1 -1
22 31 42 74 -1 -1 -1 -1
6 64 75 76 85 98 -1 -1
21 32 34 84 97 -1 -1 -1
38 59 74 90 103 -1 -1 -1
22 25 52 58 82 89 91 -1
14 16 22 25 26 42 -1 -1
21 28 60 97 -1 -1 -1 -1
23 37 39 61 87 106 -1 -1
15 24 28 36 63 77 84 97
0 3 39 51 87 102 -1 -1
24 34 77 93 95 -1 -1 -1
0 23 33 39 56 86 99 -1
29 42 59 74 -1 -1 -1 -1
0 33 35 37 87 -1 -1 -1
10 11 58 70 78 81 101 -1
13 73 79 80 102 -1 -1 -1
16 26 31 38 59 74 92 94
6 23 24 93 98 106 -1 -1
0 4 9 53 56 78 86 -1
18 62 66 72 104 105 -1 -1
57 61 76 98 106 -1 -1 -1
7 19 54 57 75 76 -1 -1
5 20 21 83 -1 -1 -1 -1
9 50 60 65 69 77 86 100
49 77 86 95 99 -1 -1 -1
35 72 80 87 102 104 -1 -1
14 25 30 58 70 -1 -1 -1
2 9 44 78 81 107 -1 -1
7 12 19 47 66 -1 -1 -1
3 13 16 88 92 102 -1 -1
0 37 44 86 -1 -1 -1 -1
19 46 47 61 76 87 -1 -1
11 30 40 52 70 91 -1 -1
29 38 42 73 94 103 -1 -1
21 32 49 65 77 97 -1 -1
33 46 57 87 106 -1 -1 -1
12 45 66 105 -1 -1 -1 -1
15 34 71 84 -1 -1 -1 -1
6 27 71 85 -1 -1 -1 -1
20 21 49 60 69 -1 -1 -1
12 19 45 54 62 104 -1 -1
2 11 17 81 82 89 -1 -1
8 18 72 90 105 -1 -1 -1
1 20 49 65 100 -1 -1 -1
10 14 40 52 58 -1 -1 -1
6 15 63 64 -1 -1 -1 -1
8 18 45 51 68 79 80 104
13 41 59 79 94 103 -1 -1
22 26 29 38 42 -1 -1 -1
7 27 47 76 85 -1 -1 -1
27 46 47 57 75 98 -1 -1
34 36 49 50 60 95 97 -1
4 40 44 53 81 101 -1 -1
8 41 72 73 80 103 -1 -1
41 51 72 79 102 -1 -1 -1
2 11 40 53 67 78 -1 -1
17 30 67 83 89 -1 -1 -1
2 5 17 48 82 107 -1 -1
28 34 63 -1 -1 -1 -1 -1
7 27 64 75 -1 -1 -1 -1
9 37 44 49 50 56 99 -1
19 33 35 39 51 57 61 104
3 4 10 16 55 96 101 -1
11 30 67 82 91 -1 -1 -1
8 29 68 103 -1 -1 -1 -1
11 30 58 89 -1 -1 -1 -1
13 16 42 55 94 -1 -1 -1
23 24 36 43 95 99 -1 -1
13 42 59 73 92 -1 -1 -1
36 50 77 93 99 -1 -1 -1
10 14 16 88 -1 -1 -1 -1
28 32 34 60 77 -1 -1 -1
6 27 43 46 76 106 -1 -1
23 37 50 86 93 95 -1 -1
1 9 49 69 107 -1 -1 -1
4 10 40 78 88 -1 -1 -1
3 13 35 41 51 55 80 -1
8 29 59 73 79 90 -1 -1
19 45 51 66 72 87 -1 -1
12 18 45 62 68 -1 -1 -1
23 33 43 46 61 98 -1 -1
1 2 5 9 53 83 100 -1
