          69           4          84           5   24.752131511501187     
          85           1          31           5   21.746601235167049     
          49           4          30           4   23.214910296297703     
          83           4          64           3   18.328504476888586     
          31           1          86           1   25.168202089416418     
          91           3          65           4   20.632658664508966     
          75           1          65           4   23.437494314019919     
          72           3          83           4   20.012161291867802     
          29           1          75           1   24.718927395723483     
          22           2          69           4   24.961785091308876
